0.906292
1.09389
0.897221
0.850625
0.771286
0.634708
0.550154
0.706745
0.818608
0.45217
0.401711
0.460942
0.406357
-0.0495823
-0.0407591
0.0268495
0.100541
-0.387863
-0.656951
-0.506859
-0.333934
-0.653806
-0.964716
-0.957528
-0.706219
-0.952859
-0.852185
-0.948573
-1.00062
-1.23913
-1.04606
-1.01633
-1.12438
-1.23387
-1.02471
-0.722077
-0.360286
-0.251102
-0.369086
-0.556228
-0.505697
-0.437099
-0.641091
-0.393602
-0.0265169
0.077378
0.0509874
0.230117
0.394496
0.612336
0.719341
0.513314
0.25372
0.285371
0.261496
0.71377
0.847832
0.769288
0.576544
0.786837
0.894072
0.753643
0.825609
0.886132
0.844319
0.824701
0.816856
0.941508
0.677002
0.764414
0.803849
0.850356
0.671883
0.319234
0.282712
0.141182
0.348241
0.186887
0.0397557
-0.247612
-0.259195
-0.214418
-0.211428
-0.299943
-0.373106
-0.434297
-0.619242
-1.06974
-1.02758
-0.808108
-0.760723
-1.15681
-1.17173
-1.00636
-0.993201
-1.28622
-1.09132
0.974947
0.908393
1.06002
0.871291
0.88289
0.749371
0.62905
0.64717
0.660654
0.720499
0.513916
0.443568
0.403679
0.350237
0.0137841
0.030952
-0.0297636
0.00815257
-0.362925
-0.542558
-0.49226
-0.469109
-0.648663
-0.867092
-0.935414
-0.762745
-0.949563
-0.819347
-1.00779
-1.00113
-1.14891
-1.08147
-1.05493
-1.10331
-1.17516
-0.967593
-0.73194
-0.416647
-0.315288
-0.39662
-0.494804
-0.496283
-0.495166
-0.545989
-0.320662
-0.137334
0.0717163
0.104863
0.201094
0.428699
0.574729
0.617365
0.52706
0.301884
0.308586
0.343202
0.688541
0.728957
0.791961
0.644996
0.764139
0.856708
0.765994
0.862513
0.834893
0.846803
0.862091
0.787271
0.919289
0.694662
0.804072
0.775662
0.786831
0.65863
0.345907
0.32624
0.159009
0.319785
0.136494
0.0377879
-0.190912
-0.241778
-0.217976
-0.238647
-0.301934
-0.367677
-0.478645
-0.660825
-0.976333
-0.939702
-0.891607
-0.837025
-1.08587
-1.11363
-1.05046
-1.04975
-1.18738
-1.00823
-0.801503
0.992048
0.902751
0.923724
0.856703
0.735145
0.676016
0.730321
0.63771
0.534742
0.619032
0.491616
0.348492
0.195003
0.201837
0.0644929
-0.0423131
-0.22606
-0.269313
-0.356241
-0.489667
-0.663402
-0.65874
-0.72538
-0.825693
-0.947013
-0.827791
-0.910112
-0.986442
-1.05949
-0.989256
-1.12779
-1.1168
-1.09367
-1.019
-0.907082
-0.710705
-0.546188
-0.43996
-0.427032
-0.404793
-0.487072
-0.565452
-0.359219
-0.272589
-0.224653
0.000798496
0.175661
0.224964
0.428036
0.50305
0.478282
0.48851
0.430981
0.339366
0.531216
0.55212
0.633413
0.733062
0.804682
0.734313
0.755284
0.847013
0.848251
0.804882
0.850243
0.861017
0.838948
0.766105
0.835378
0.78709
0.765841
0.678983
0.577838
0.479142
0.308991
0.297609
0.16586
0.124119
-0.0126817
-0.0746113
-0.198537
-0.237766
-0.278444
-0.304597
-0.379886
-0.544154
-0.747208
-0.762548
-0.858512
-0.962236
-1.01758
-0.940888
-1.02869
-1.11246
-1.1511
-0.982103
-0.925185
0.914115
0.883342
0.806525
0.77364
0.777169
0.661017
0.620479
0.588888
0.512863
0.500988
0.317436
0.242991
0.179447
0.100681
-0.102649
-0.226084
-0.260389
-0.309603
-0.517347
-0.619244
-0.713989
-0.688699
-0.793675
-0.854169
-0.919562
-0.944732
-0.974947
-0.982158
-1.06995
-1.04084
-1.13465
-1.05272
-0.925472
-0.820822
-0.724361
-0.64334
-0.560033
-0.433415
-0.440872
-0.48034
-0.392279
-0.364606
-0.279625
-0.135279
-0.0657299
0.116318
0.345029
0.336281
0.401058
0.443672
0.423591
0.461961
0.555033
0.489689
0.536788
0.605577
0.687799
0.771698
0.786773
0.762358
0.817099
0.810277
0.855399
0.827012
0.837097
0.824828
0.801966
0.811713
0.799126
0.714768
0.622557
0.544962
0.485203
0.415005
0.271033
0.164184
0.0509161
0.0191678
-0.0690513
-0.119508
-0.247283
-0.285125
-0.340836
-0.448674
-0.599934
-0.650147
-0.728514
-0.829259
-0.957945
-1.00065
-0.996243
-0.989408
-1.1068
-1.04622
-0.974184
0.958886
0.94181
0.888129
0.721529
0.594811
0.716468
0.672209
0.593268
0.63419
0.455399
0.406679
0.233462
0.132958
0.00528357
0.020965
-0.117177
-0.314778
-0.487569
-0.476944
-0.583018
-0.620264
-0.829613
-0.890983
-0.928644
-0.8083
-0.867723
-0.981482
-1.09142
-1.01875
-1.15851
-1.07141
-1.13121
-1.15298
-1.0038
-0.705391
-0.419452
-0.296959
-0.40346
-0.431219
-0.497768
-0.638116
-0.449585
-0.308237
-0.21819
0.0706773
0.173665
0.146639
0.478026
0.607473
0.581708
0.540057
0.351241
0.17759
0.468994
0.616225
0.723443
0.775313
0.750625
0.716847
0.79683
0.835832
0.86602
0.798287
0.863755
0.864858
0.840997
0.800665
0.798363
0.771508
0.812559
0.773725
0.631103
0.421799
0.229555
0.263185
0.227772
0.193843
-0.0164356
-0.135985
-0.271443
-0.223639
-0.251652
-0.278886
-0.331768
-0.470348
-0.76926
-0.887635
-0.934369
-0.913721
-0.943243
-0.97596
-1.10256
-1.08087
-1.16839
-1.08876
0.957575
0.838469
0.709283
0.72446
0.669606
0.646132
0.594543
0.575448
0.585254
0.302687
0.20991
0.17818
0.120137
-0.0698778
-0.233288
-0.279681
-0.310813
-0.553758
-0.627401
-0.722659
-0.686527
-0.880766
-0.927106
-0.852871
-0.890781
-0.997781
-1.01569
-1.08439
-1.05563
-1.20962
-1.13586
-1.05701
-0.93799
-0.699705
-0.498868
-0.413436
-0.331578
-0.399714
-0.572476
-0.54431
-0.437252
-0.32721
-0.165992
-0.0450765
0.139664
0.351386
0.39563
0.555346
0.562045
0.468843
0.362742
0.386247
0.427603
0.566063
0.663256
0.747084
0.82091
0.756273
0.724439
0.878388
0.81982
0.853255
0.829791
0.874813
0.845336
0.764323
0.830614
0.826774
0.787431
0.707616
0.587711
0.46027
0.329469
0.255922
0.197934
0.097281
0.0244433
-0.126034
-0.175289
-0.28944
-0.255502
-0.263033
-0.336636
-0.579979
-0.730492
-0.802071
-0.872552
-0.99451
-1.01223
-0.963408
-0.979641
-1.21083
-1.15672
