1.02495912
0.755230918
1.14465109
0.825296692
1.210102684
0.578472188
0.860095654
0.809546036
0.21750965
0.914455135
0.849998168
0.397042295
0.294706794
0.638955758
0.277375764
0.134379399
-0.370402804
0.328879369
-0.047767438
-0.256654225
-0.784353451
-0.586667671
-0.105760047
-0.714899764
-1.125329163
-0.761045817
-0.919866788
-0.6073213
-1.321501073
-0.529219971
-1.17265099
-1.301515116
-0.972551893
-0.970343892
-1.221884972
-1.117705098
-1.185877291
-0.599195422
-0.410745921
-0.239998831
-0.295120565
-0.654739797
-0.534552601
-0.299555285
-0.65138959
-0.687023213
0.376426672
-0.101404691
-0.059873169
0.475866883
0.187287675
0.622943572
0.913954595
0.315195629
0.352028292
0.238427494
0.335301223
0.455878572
1.274443764
0.456549839
0.644890299
0.833547004
0.813980306
0.922597005
0.561404196
1.103536482
0.839736893
0.597135252
1.149401386
0.615275124
0.993189279
0.475521924
0.943503728
0.907961508
0.509028841
0.558898735
-0.030205289
0.45002677
0.057204175
0.452122857
-0.099846045
-0.238913215
-0.233976392
-0.252443682
-0.167506864
-0.295990657
-0.442303472
-0.364737864
-0.628893096
-0.988844696
-1.311261172
-0.519001192
-0.844559542
-1.147515539
-1.265542042
-0.92782116
-0.958003341
-1.263412693
-1.340730637
-0.420549439
-0.643229236
